STATES: t p f g h k L m u_r u_theta u_h tau
MAX THRUST: 0.019779542235
ISP: 450.0

0.0 6655.942000104108 0.0 0.0 -0.25396764647494 0.0 3.141592653589793 1.0 -0.001101390196732148 -0.9999998404887086 0.0 0.0
23.670068381445475 6655.133817672311 0.006116418563993187 8.384745954786691e-05 -0.25396764601246735 1.471143098327124e-11 3.1689474892488994 0.9989595930727643 -0.0013540717596280394 -0.999999384221578 0.0 0.0
56.32993161855448 6654.009343164458 0.014546827271377752 0.00047291074151855565 -0.25396764812948847 -1.467519428798501e-10 3.2061510083815805 0.9975240438632357 -0.0018235586129281642 -0.9999987459879023 0.00013730935098814698 0.0
66.66666666666666 6653.651167971716 0.01721117580505524 0.0006614682805893676 -0.2539676506870235 -3.075835129282004e-10 3.217796046298226 0.9970696974466665 -0.0020013418055278872 -0.999998541892642 0.0002139387070795563 0.0
66.66666666666666 6653.651167971716 0.01721117580505524 0.0006614682805893676 -0.2539676506870235 -3.075835129282004e-10 3.217796046298226 0.9970696974466665 -0.0020013418055278872 -0.999998541892642 0.0002139387070795563 0.0
90.33673504811213 6652.826807114191 0.023302424178911124 0.0012104780413470257 -0.25396766147904715 -1.2789830066313694e-09 3.244228806200198 0.9960292905194307 -0.0021890476189788807 -0.9999982634782225 0.0004609389218975058 3.2311742677852644e-27
122.99659828522114 6651.679718605023 0.0316781646259259 0.0022330495707613782 -0.2539676934668486 -5.264366620107172e-09 3.280171889852884 0.994593741309902 -0.0016748458170725146 -0.9999983645942491 0.0009766534819423 3.231174267785264e-27
133.33333333333331 6651.314318154071 0.03432052774953259 0.0026200078255813005 -0.25396770905750593 -7.511381646606907e-09 3.291421076507705 0.9941393948933327 -0.0013253123941146254 -0.9999985138297062 0.0011821291328232854 2.1541161785235095e-27
133.33333333333331 6651.314318154071 0.03432052774953259 0.0026200078255813005 -0.25396770905750593 -7.511381646606907e-09 3.291421076507705 0.9941393948933327 -0.0013253123941146248 -0.9999985233234507 0.0011821291328232852 0.0
157.0034017147788 6650.473293021907 0.04035319110171096 0.0036193745274135164 -0.25396775597986393 -1.525616875539849e-08 3.316953256269099 0.9930989879660967 -0.00048090540458917044 -0.99999883192693 0.0016273103075140655 -3.2311742677852644e-27
189.66326495188778 6649.302949124945 0.048629815308096534 0.005253882958812683 -0.2539678419405146 -3.2069199055058546e-08 3.35166784028956 0.9916634387565684 0.0004910643657800455 -0.9999981208071953 0.002081990756533461 -3.231174267785264e-27
199.99999999999994 6648.930127590863 0.05123652578717631 0.00583213329965789 -0.2539678730824266 -3.890595421001691e-08 3.3625317774032952 0.9912090923399992 0.0007520305137661079 -0.9999976210789441 0.0021873442803488005 -2.1541161785235095e-27
199.99999999999994 6648.930127590863 0.05123652578717631 0.00583213329965789 -0.2539678730824266 -3.890595421001691e-08 3.3625317774032952 0.9912090923399992 0.0007520305137661081 -0.999997621078944 0.0021873442803488005 0.0
223.67006838144542 6648.072002783324 0.05718003638404425 0.0072650734785662955 -0.2539679484748726 -5.6862739170294125e-08 3.387188457316228 0.9901686854127631 0.0012725316737807794 -0.9999966615772921 0.002283368502916305 3.2311742677852644e-27
256.32993161855444 6646.8778288578405 0.06531704340991629 0.009487332953863814 -0.25396804936736794 -8.384725221797285e-08 3.4207107805124326 0.9887331362032343 0.0018219434112554868 -0.9999963753426016 0.0020086862449767476 3.231174267785264e-27
266.66666666666663 6646.49740971284 0.06787569067276461 0.010249004463838482 -0.2539680774378056 -9.20956611870692e-08 3.43120128417994 0.9882787897866652 0.001955057740688615 -0.9999965354351436 0.0018233839894068837 2.1541161785235095e-27
266.66666666666663 6646.49740971284 0.06787569067276461 0.010249004463838482 -0.2539680774378056 -9.20956611870692e-08 3.43120128417994 0.9882787897866652 0.0019550577406886142 -0.9999965354351434 0.0018233839894068844 0.0
290.3367350481121 6645.621789369144 0.07370236479572898 0.012097152481237898 -0.2539681301740607 -1.0846932254898452e-07 3.4550100715198 0.9872383828594294 0.002186384921969002 -0.9999970116888885 0.001318175911076134 -3.2311742677852644e-27
322.99659828522107 6644.403259727951 0.081663205634968 0.014881112431745223 -0.25396817331490806 -1.231034842917031e-07 3.487379313306356 0.9858028336499012 0.0023379551720355374 -0.9999974307187 0.0005333099084252647 -3.231174267785264e-27
333.33333333333326 6644.015081972343 0.08416261169646191 0.01581780520552214 -0.2539681791435717 -1.2524333886978472e-07 3.4975090066026526 0.985348487233332 0.0023454341646555812 -0.9999975058188566 0.0002636959914931584 -2.1541161785235095e-27
333.33333333333326 6644.015081972343 0.08416261169646191 0.01581780520552214 -0.2539681791435717 -1.2524333886978472e-07 3.4975090066026526 0.985348487233332 0.0023454341646555817 -0.9999974917999773 0.00026369599149315867 0.0
357.00340171477876 6643.121607635762 0.08984754319176491 0.01806167524985797 -0.25396817748430545 -1.245578930966195e-07 3.5204991484199506 0.984308080306096 0.0023134349850073115 -0.9999975042539068 -0.0003619985814941505 0.0
389.66326495188787 6641.87824932904 0.09759941216658453 0.021379943498004417 -0.2539681412069626 -1.0933218371216297e-07 3.5517563036133333 0.982872531096567 0.00218117034802156 -0.9999971588935263 -0.0012142695076196991 0.0
400.0 6641.482168053491 0.10002956666142696 0.02248288204340476 -0.2539681216296008 -1.0070042368848803e-07 3.5615382829716755 0.9824181846799978 0.0021180227300800487 -0.9999969620041154 -0.0014813384783486558 0.0
400.0 6641.482168053491 0.10002956666142696 0.02248288204340476 -0.2539681216296008 -1.0070042368848803e-07 3.5615382829716755 0.9824181846799978 0.0021180227300800474 -0.9999969620041147 -0.001481338478348656 0.0
423.6700683814455 6640.570515668808 0.10555049903294307 0.025102213109235366 -0.25396806348875434 -7.389304078260201e-08 3.583739937232334 0.981377777752762 0.001879766202232734 -0.9999966162701911 -0.0019881852870702334 -6.462348535570529e-27
456.3299316185545 6639.301897496013 0.11306419137407307 0.028926510789595926 -0.25396796307578634 -2.4496708960635925e-08 3.613926890222183 0.9799422285432338 0.0012819711513323848 -0.9999966928223081 -0.002348518380862685 -3.231174267785264e-27
466.6666666666667 6638.897779623712 0.11541621014136923 0.030186680419693003 -0.2539679290057797 -6.8463653103658945e-09 3.623374451528647 0.9794878821266646 0.0010277736051482458 -0.9999968507890173 -0.0023806634907088285 7.261898452572108e-28
466.6666666666667 6638.897779623712 0.11541621014136923 0.030186680419693003 -0.2539679290057797 -6.8463653103658945e-09 3.623374451528647 0.9794878821266646 0.0010277736051482456 -0.9999968507890173 -0.002380663490708829 0.0
490.33673504811213 6637.967650037105 0.12075343591003292 0.03316074231515725 -0.2539678512654927 3.4893410905796704e-08 3.6448180949677336 0.9784474751994287 0.0005744215349859425 -0.9999972568350382 -0.0023232724163871265 3.2311742677852644e-27
522.9965982852211 6636.673372023254 0.12800315300910095 0.03746235111391434 -0.25396775340940353 9.05348896385329e-08 3.6739768736290013 0.9770119259899 0.0004890987579910284 -0.9999979918218012 -0.0019619750572024406 0.0
533.3333333333334 6636.261094088571 0.13026919223813813 0.038870655498738 -0.2539677268012698 1.0640578116904857e-07 3.6831032910043757 0.9765575795733307 0.0005925993325043297 -0.999998266653221 -0.0017794732337240303 -2.8803060237807203e-27
533.3333333333334 6636.261094088571 0.13026919223813813 0.038870655498738 -0.2539677268012698 1.0640578116904857e-07 3.6831032910043757 0.9765575795733307 0.00059259933250433 -0.9999982666532208 -0.0017794732337240297 0.0
557.0034017147788 6635.312210172798 0.13540531019833865 0.04217862339847973 -0.2539676764471757 1.3737381868606966e-07 3.703819236422794 0.9755171726460949 0.0009100746906832265 -0.9999987520940148 -0.001330045024238976 -6.462348535570529e-27
589.6632649518879 6633.991902110116 0.14236832848914413 0.04692877760355892 -0.2539676307848422 1.669690466796542e-07 3.731991401711156 0.9740816234365668 0.0013764481902593787 -0.9999988795192774 -0.0007296307776846606 -3.231174267785264e-27
600.0 6633.571349744713 0.14454150930952223 0.04847609240398199 -0.25396762188657296 1.7298425915505777e-07 3.740809748111348 0.9736272770199977 0.0015308959562411518 -0.9999987888189412 -0.000544362076038046 7.261898452572108e-28
600.0 6633.571349744713 0.14454150930952223 0.04847609240398199 -0.25396762188657296 1.7298425915505777e-07 3.740809748111348 0.9736272770199977 0.0015308959562411514 -0.9999987870717564 -0.0005443620760380457 0.0
623.6700683814455 6632.603454381298 0.14946133733553676 0.05209702429119308 -0.2539676112870931 1.8034816514668854e-07 3.760827759491559 0.9725868700927617 0.0018950965003329235 -0.9999983453875863 -0.00011999564236271179 0.0
656.3299316185545 6631.256771085388 0.15611797089463478 0.057266784716821284 -0.25396761894899916 1.7463485091537566e-07 3.788053935929328 0.9711513208832331 0.0024198302254077103 -0.9999970807014928 0.0004745426694876889 0.0
666.6666666666666 6630.827837024592 0.15819235766546227 0.058943957688277 -0.25396762675160567 1.6869272956212916e-07 3.7965769500270925 0.9706969744666638 0.0025912724992921445 -0.999996522135805 0.0006648860653135685 0.0
666.6666666666666 6630.827837024592 0.15819235766546227 0.058943957688277 -0.25396762675160567 1.6869272956212916e-07 3.7965769500270925 0.9706969744666638 0.0025912724992921453 -0.9999965221358045 0.0006648860653135685 0.0
690.3367350481121 6629.840687464597 0.16288282293080963 0.0628569303460964 -0.25396765299112983 1.480668489787609e-07 3.8159259646727186 0.9696565675394282 0.0028341684127790373 -0.9999955956066665 0.0009774006545690602 0.0
722.9965982852211 6628.467297571495 0.16921623632404986 0.06841748035114181 -0.2539676968151075 1.1216467807014203e-07 3.8422455031212803 0.9682210183298998 0.0026680905153033544 -0.9999960270073334 0.0009996331847639906 0.0
733.3333333333333 6628.029877039117 0.17118679579166018 0.07021539650307225 -0.25396770961423465 1.012278268342102e-07 3.85048548971717 0.9677666719133307 0.0024944407559400056 -0.9999965766056891 0.0009078691455498396 0.0
733.3333333333333 6628.029877039117 0.17118679579166018 0.07021539650307225 -0.25396770961423465 1.012278268342102e-07 3.85048548971717 0.9677666719133307 0.002494440755940005 -0.9999965585381837 0.0009078691455498395 0.0
757.0034017147788 6627.023232799259 0.1756369064857852 0.07439954384808792 -0.2539677327592212 8.101003880989662e-08 3.8691933993244283 0.9667262649860947 0.0020511599658325375 -0.9999977954869729 0.0005977228947579988 6.462348535570529e-27
789.6632649518879 6625.622806304912 0.1816330531913799 0.08032220898285167 -0.2539677462215024 6.883641366646171e-08 3.894644112863577 0.9652907157765659 0.0015085412727223362 -0.9999989497848903 1.9967829536696377e-05 3.231174267785264e-27
800.0 6625.17679614264 0.18349558447992187 0.08223184710352349 -0.25396774506862424 6.990905327901394e-08 3.902612873080245 0.9648363693599966 0.0013534778699903678 -0.999999181657137 -0.00019908259643545826 -7.261898452572108e-28
800.0 6625.17679614264 0.18349558447992187 0.08223184710352349 -0.25396774506862424 6.990905327901394e-08 3.902612873080245 0.9648363693599966 0.0013534778699903674 -0.9999991809483727 -0.00019908259643545818 0.0
823.6700683814455 6624.150424203742 0.18769612156473872 0.08666665454114465 -0.2539677327750483 8.19084866016744e-08 3.92070639479292 0.9637959624327609 0.0010748528877263565 -0.9999994624910485 -0.0005894611601203803 -6.462348535570529e-27
856.3299316185545 6622.722644200644 0.19334316137025248 0.09292351836893604 -0.2539677051304908 1.0980705091244005e-07 3.945324434480901 0.9623604132232328 0.0009113150457302369 -0.9999995618850791 -0.0006974583305845246 -3.231174267785264e-27
866.6666666666667 6622.267944473973 0.1950941217071352 0.0949361521791904 -0.2539676967271869 1.1865025068008928e-07 3.95303323481285 0.9619060668066638 0.0009129231345524583 -0.9999995235071626 -0.0006276030096975517 7.261898452572108e-28
866.6666666666667 6622.267944473973 0.1950941217071352 0.0949361521791904 -0.2539676967271869 1.1865025068008928e-07 3.95303323481285 0.9619060668066638 0.0009129231345524584 -0.999999535610849 -0.0006276030096975518 0.0
890.3367350481121 6621.221615375297 0.19903733193358514 0.09960185026972916 -0.2539676818888831 1.3454159496139126e-07 3.97053784419029 0.960865659879428 0.0009711940585631148 -0.999999510069368 -0.0004049032853505669 3.2311742677852644e-27
922.9965982852211 6619.7661628307615 0.2043254181112753 0.10616602206571311 -0.253967672349426 1.4514223199978068e-07 3.994357597041231 0.9594301106698994 0.0011343742595295258 -0.9999993833648657 -7.967723845495079e-05 3.231174267785264e-27
933.3333333333334 6619.302671793307 0.20596190474530734 0.10827320787601115 -0.2539676720300527 1.4551142412506342e-07 4.001817130350742 0.9589757642533302 0.0012060179317946271 -0.9999993211676718 2.7591088477343034e-05 2.1541161785235095e-27
933.3333333333334 6619.302671793307 0.20596190474530734 0.10827320787601115 -0.2539676720300527 1.4551142412506342e-07 4.001817130350742 0.9589757642533302 0.0012060179317946262 -0.9999993111824661 2.7591088477343044e-05 0.0
957.0034017147789 6618.236151113686 0.20964154190877574 0.11315054119236358 -0.2539676762889637 1.404550451236805e-07 4.018756961744167 0.9579353573260945 0.0014080157573424538 -0.9999990477285146 0.00028288441679516594 6.462348535570529e-27
989.6632649518879 6616.7526991149525 0.21456292410246966 0.11999568643730972 -0.2539676938881445 1.1870818393269864e-07 4.041810925366748 0.9564998081165663 0.001775166946751251 -0.999998321707963 0.0006590193822688207 1.615587133892632e-27
1000.0 6616.280312404836 0.216082681761678 0.12218915999514783 -0.2539677023655382 1.0794226924015807e-07 4.049031283511665 0.9560454616999973 0.0019127334148831903 -0.9999980043497009 0.000783834332428688 -3.243400946409326e-27
1000.0 6616.280312404836 0.216082681761678 0.12218915999514783 -0.2539677023655382 1.0794226924015807e-07 4.049031283511665 0.9560454616999973 0.00191273341488319 -0.9999980043497009 0.0007838343324286876 0.0
1023.6700683814455 6615.193359201192 0.21949392248248786 0.12725934996674645 -0.25396772630388753 7.673425827693452e-08 4.065429096598397 0.9550050547727612 0.0021975702582698177 -0.9999972976523844 0.000985591141393648 -3.2311742677852644e-27
1056.3299316185546 6613.681569175793 0.22404274665209167 0.13435984483828078 -0.2539677627797079 2.7385548685318925e-08 4.087747871075726 0.9535695055632324 0.002452879177735453 -0.9999967054526481 0.0009775336646064634 0.0
1066.6666666666667 6613.200177738193 0.22544412230285257 0.13663155324894258 -0.25396777341247767 1.2483804384851736e-08 4.094738543709564 0.9531151591466632 0.002500415906698886 -0.9999966105246546 0.0009057846927714723 2.8803060237807203e-27
1066.6666666666667 6613.200177738193 0.22544412230285257 0.13663155324894258 -0.25396777341247767 1.2483804384851736e-08 4.094738543709564 0.9531151591466632 0.002500415906698886 -0.9999966105246546 0.0009057846927714715 0.0
1090.3367350481121 6612.092538257786 0.2285835465982641 0.14187625382658722 -0.2539677939367973 -1.6881439018683944e-08 4.11061571663378 0.9520747522194275 0.002578331596393655 -0.9999965220777146 0.0007011360713065077 0.0
1122.9965982852214 6610.552051053663 0.2327558411555721 0.1492071020852543 -0.2539678131980187 -4.5530876737459514e-08 4.132228006839604 0.9506392030098989 0.002644385538326055 -0.999996461955957 0.0004113543934995016 -1.615587133892632e-27
1133.3333333333333 6610.061539132587 0.23403773568577094 0.15154923725760744 -0.2539678171250271 -5.156667132098205e-08 4.138997890749365 0.9501848565933299 0.002655276907089771 -0.999996457885628 0.00031784976214177985 -2.517211101152115e-27
1133.3333333333333 6610.061539132587 0.23403773568577094 0.15154923725760744 -0.2539678171250271 -5.156667132098205e-08 4.138997890749365 0.9501848565933299 0.002655276907089772 -0.9999964578856282 0.00031784976214178 0.0
1157.0034017147789 6608.932944562804 0.2369030745211712 0.15695079486142763 -0.25396782250762434 -6.001213237600233e-08 4.154374459878868 0.9491444496660938 0.002650129566644589 -0.9999965676178554 0.00013354639375467097 6.462348535570529e-27
1189.6632649518879 6607.363379693356 0.2406962656465754 0.16448814255155586 -0.2539678240613128 -6.255830116555392e-08 4.175307145468385 0.947708900456565 0.0025623340170764066 -0.9999968256841241 -1.9625468356123628e-05 4.846761401677896e-27
1200.0 6606.863624273733 0.24185799747147047 0.16689327246042907 -0.2539678237327971 -6.198421341552985e-08 4.181864563267634 0.9472545540399958 0.0025150530145389522 -0.9999969331278751 -4.36728900482529e-05 1.7910212558949037e-27
1200.0 6606.863624273733 0.24185799747147047 0.16689327246042907 -0.2539678237327971 -6.198421341552985e-08 4.181864563267634 0.9472545540399958 0.0025150530145389527 -0.999996933127875 -4.367289004825291e-05 0.0
1223.6700683814454 6605.713787807087 0.24444792617948824 0.17243487671502414 -0.2539678229087821 -6.052321889083294e-08 4.196759253822064 0.9462141471127603 0.0023843100958447247 -0.9999972375603601 -2.7328704552964655e-08 -3.2311742677852644e-27
1256.3299316185544 6604.114737177003 0.24786068370577066 0.1801560300061962 -0.2539678273176731 -6.865618416048726e-08 4.2170374181223735 0.9447785979032318 0.002165353185737116 -0.9999976888070892 0.0003401644275797217 -1.615587133892632e-27
1266.6666666666665 6603.605605946279 0.24890194157498002 0.18261709969173284 -0.25396783145439306 -7.632275262617995e-08 4.223390128255958 0.9443242514866629 0.0020867390793302223 -0.9999978391605586 0.000515469511741168 3.630949226286054e-28
1266.6666666666665 6603.605605946279 0.24890194157498002 0.18261709969173284 -0.25396783145439306 -7.632275262617995e-08 4.223390128255958 0.9443242514866629 0.0020867390793302214 -0.9999978265647501 0.000515469511741168 0.0
1290.3367350481121 6602.434218535443 0.25121594204163683 0.1882828179072192 -0.2539678468183879 -1.0579304356641498e-07 4.2378203810466095 0.9432838445594268 0.0018380113343620243 -0.9999982173253835 0.0008604362016863754 0.0
1322.9965982852211 6600.805240940468 0.2542481078985336 0.19616613667160418 -0.2539678755109791 -1.6296279135343764e-07 4.257467340826212 0.9418482953498982 0.0012860396408620738 -0.9999988398367069 0.0010287495885007282 0.0
1333.3333333333333 6600.286590477947 0.25516900566862855 0.19867633765532913 -0.25396788481673055 -1.821979920267964e-07 4.2636225411137865 0.9413939489333291 0.001060905517417379 -0.9999990569931644 0.0010076927245968514 0.0
1333.3333333333333 6600.286590477947 0.25516900566862855 0.19867633765532913 -0.25396788481673055 -1.821979920267964e-07 4.2636225411137865 0.9413939489333291 0.0010609055174173783 -0.9999990565282922 0.0010076927245968518 0.0
1357.0034017147786 6599.093316624153 0.257207670680798 0.2044506064852673 -0.2539679044741271 -2.237601473608228e-07 4.277604513142222 0.9403535420060931 0.0005404682249676292 -0.9999995019733597 0.0008957714503187595 0.0
1389.6632649518876 6597.433932856874 0.2598606708228825 0.21247484720944315 -0.2539679262658613 -2.717942408518509e-07 4.296641845122719 0.938917992796565 -0.00010255550684416249 -0.9999998271347121 0.0006665248169686865 0.0
1400.0 6596.905607533091 0.26066176717953154 0.2150275564153402 -0.2539679315788157 -2.839404192145436e-07 4.302606198311409 0.9384636463799959 -0.00028793393920595735 -0.9999998601184867 0.0005758943588154762 0.0
1400.0 6596.905607533091 0.26066176717953154 0.2150275564153402 -0.2539679315788157 -2.839404192145436e-07 4.302606198311409 0.9384636463799959 -0.0002879339392059574 -0.999999860118487 0.0005758943588154759 0.0
1423.6700683814454 6595.690083416717 0.26242650464185513 0.22089545768166644 -0.253967940658779 -3.052030823835625e-07 4.316154853933019 0.9374232394527601 -0.0005872154802852373 -0.9999999033868637 0.0003717811608737925 3.2311742677852644e-27
1456.3299316185546 6593.999772948241 0.26470256195903813 0.2290405951644917 -0.253967947073765 -3.2089557136902684e-07 4.3346025446522845 0.9359876902432313 -0.0006217837384943559 -0.999999937219765 0.0001340540309175246 1.615587133892632e-27
1466.6666666666665 6593.461603155263 0.265384625999916 0.2316296058296844 -0.2539679478826795 -3.229393468010941e-07 4.340382218168576 0.9355333438266621 -0.0005413150162830753 -0.9999999416783776 6.942143366435021e-05 -3.630949226286054e-28
1466.6666666666665 6593.461603155263 0.265384625999916 0.2316296058296844 -0.2539679478826795 -3.229393468010941e-07 4.340382218168576 0.9355333438266621 -0.0005413150162830755 -0.9999999548649544 6.942143366435013e-05 0.0
1490.3367350481121 6592.22343092515 0.26687732042698703 0.237577150693551 -0.25396794777859033 -3.2265123447142516e-07 4.35351139610974 0.9344929368994264 -0.0002912463209934949 -0.9999999982898412 -8.59576335839019e-05 -3.2311742677852644e-27
1522.996598285221 6590.50162259515 0.26877937496741894 0.24582433019215086 -0.2539679427838163 -3.0886707642330304e-07 4.371387896317819 0.9330573876898982 0.00010463361799311691 -0.9999999703317487 -0.00034374684309613997 1.615587133892632e-27
1533.3333333333333 6589.953422072276 0.2693434343572251 0.2484437664103584 -0.25396793992179784 -3.007379640896741e-07 4.376988575532861 0.932603041273329 0.00024220935186618355 -0.9999999402539845 -0.0004358203599221027 5.397517124932835e-27
1533.3333333333333 6589.953422072276 0.2693434343572251 0.2484437664103584 -0.25396793992179784 -3.007379640896741e-07 4.376988575532861 0.932603041273329 0.00024220935186618355 -0.9999999491238122 -0.00043582035992210304 0.0
1557.0034017147786 6588.692165146509 0.2705666257301089 0.2544576538356834 -0.253967931436529 -2.7581163201622616e-07 4.38971102014749 0.9315626343460927 0.0005755132113418798 -0.9999997993442711 -0.0005700595785027891 9.693522803355793e-27
1589.6632649518879 6586.938232667006 0.27209848416803634 0.26278898354373553 -0.2539679192854833 -2.3854719283027674e-07 4.407033304239451 0.9301270851365635 0.0010731945382130412 -0.9999994414949226 -0.00048480504788617847 4.846761401677896e-27
1600.0 6586.379797191951 0.27254578422277925 0.26543332238884376 -0.25396791633520804 -2.290257596669571e-07 4.412460218375415 0.9296727387199942 0.0012398383531465177 -0.9999992917135144 -0.00039247994630143255 -1.089284767885817e-27
1600.0 6586.379797191951 0.27254578422277925 0.26543332238884376 -0.25396791633520804 -2.290257596669571e-07 4.412460218375415 0.9296727387199942 0.0012398383531465182 -0.9999992917135145 -0.0003924799463014322 0.0
1623.6700683814456 6585.09497646953 0.27350236480431045 0.2715011776608389 -0.2539679119997299 -2.1476717908413273e-07 4.424787647827122 0.9286323317927571 0.0016536377905475546 -0.9999987653057487 -0.00020056295660961948 -3.2311742677852644e-27
1656.3299316185546 6583.308231873483 0.2746682819332111 0.27990000535460297 -0.25396790919543777 -2.0492038925860786e-07 4.441571292958755 0.9271967825832277 0.002313833515235578 -0.9999975147287561 -0.00011789878522124496 -3.231174267785264e-27
1666.6666666666667 6582.739337054756 0.27500027828211404 0.2825640261889491 -0.2539679084213833 -2.0215933985020042e-07 4.446829227566887 0.926742436166658 0.0025443412142361938 -0.9999969922782486 -0.00013573804275501854 -2.1541161785235095e-27
1666.6666666666667 6582.739337054756 0.27500027828211404 0.2825640261889491 -0.2539679084213833 -2.0215933985020042e-07 4.446829227566887 0.926742436166658 0.002544341214236195 -0.9999969922782482 -0.00013573804275501849 0.0
1690.3367350481121 6581.4304264035745 0.2756938235856644 0.2886739410252451 -0.2539679068311898 -1.960732261516257e-07 4.458772344019611 0.9257020292394208 0.0029578962647312064 -0.9999958658745288 -5.1777848366492e-05 3.2311742677852644e-27
1722.9965982852211 6579.6101126912945 0.2764990047392508 0.2971242405365951 -0.2539679103644941 -2.1071216164251328e-07 4.475031564947528 0.9242664800298899 0.0031142811302186787 -0.9999951423425277 0.0005534427496716903 1.615587133892632e-27
1733.3333333333335 6579.030510670934 0.276717336749883 0.29980304741905905 -0.2539679142329304 -2.2672526572865448e-07 4.480124894151904 0.9238121336133193 0.003063704431697739 -0.999995114022994 0.0008632164430245409 -3.630949226286054e-28
1733.3333333333335 6579.030510670934 0.276717336749883 0.29980304741905905 -0.2539679142329304 -2.2672526572865448e-07 4.480124894151904 0.9238121336133193 0.003063704431697737 -0.9999951140229947 0.0008632164430245406 0.0
1757.0034017147789 6577.696925965707 0.2771515087765906 0.3059441980846859 -0.25396792888175523 -2.9055149754575375e-07 4.491693490279398 0.9227717266860829 0.0027766683445877706 -0.999995347321306 0.0015259761881721069 -3.2311742677852644e-27
1789.663264951888 6575.842199790524 0.27760119665625876 0.31443150026385186 -0.2539679579676417 -4.251854116698918e-07 4.507441263229548 0.9213361774765517 0.0019992890020727287 -0.9999960598099051 0.0020737542310376254 -3.231174267785264e-27
1800.0 6575.25161482665 0.2777076746512833 0.31712051555933096 -0.25396796813065986 -4.748403141854464e-07 4.512373957926314 0.9208818310599801 0.0016611292299150166 -0.9999963796681597 0.0021585373027385576 -2.1541161785235095e-27
1800.0 6575.25161482665 0.2777076746512833 0.31712051555933096 -0.25396796813065986 -4.748403141854464e-07 4.512373957926314 0.9208818310599801 0.0016611292299150164 -0.9999963796681598 0.002158537302738559 0.0
1823.6700683814456 6573.89270963201 0.27788701418290834 0.323282305520936 -0.2539679920315364 -5.962352966250289e-07 4.52357688487734 0.919841424132743 0.0008551043407388254 -0.9999968724606649 0.0023582218758297683 6.462348535570529e-27
1856.3299316185544 6572.002645801057 0.27798793262598137 0.3317921024410173 -0.25396802737565605 -7.895821492112091e-07 4.538824916074226 0.9184058749232107 -0.0001945234457722556 -0.9999961162080553 0.0028120731419442103 4.846761401677896e-27
1866.6666666666667 6571.400777297643 0.2779846779726036 0.3344868619133975 -0.2539680394417897 -8.593104978255287e-07 4.5436005710352 0.9179515285066385 -0.0005116228734390232 -0.9999955298957884 0.0029987961173857545 1.7910212558949037e-27
1866.6666666666667 6571.400777297643 0.2779846779726036 0.3344868619133975 -0.2539680394417897 -8.593104978255287e-07 4.5436005710352 0.9179515285066385 -0.0005116228734390231 -0.9999955298957883 0.002998796117385755 0.0
1890.3367350481121 6570.015848417141 0.27791389428720503 0.34065939959929264 -0.25396806820742823 -1.0341520590459662e-06 4.554445867634537 0.9169111215794021 -0.000991993054407866 -0.9999945728690101 0.003251884241442394 -3.2311742677852644e-27
1922.9965982852214 6568.089435038877 0.277672643631793 0.3491784315462174 -0.25396810534181746 -1.2781892221931101e-06 4.569204789051524 0.9154755723698693 -0.0008751396615462084 -0.9999954597544655 0.0029502626238171316 -1.615587133892632e-27
1933.3333333333333 6567.47595066111 0.2775618875007596 0.35187473454599055 -0.2539681151764977 -1.3478855901001475e-06 4.573826652566282 0.9150212259532965 -0.0006498029361856776 -0.9999962737148345 0.002697571464927719 3.630949226286054e-28
1933.3333333333333 6567.47595066111 0.2775618875007596 0.35187473454599055 -0.2539681151764977 -1.3478855901001475e-06 4.573826652566282 0.9150212259532965 -0.000649802936185677 -0.9999962737147691 0.0026975714649277206 0.0
1957.0034017147789 6566.064213379055 0.2772465000170162 0.35804828797115756 -0.2539681329581108 -1.4803328044906284e-06 4.584321550519016 0.9139808190260601 -0.00017577348575515816 -0.9999982487338166 0.0019456063611599914 3.2311742677852644e-27
1989.6632649518876 6564.100320705626 0.2766713427379757 0.36656315312154825 -0.25396814570299486 -1.5838780260016186e-06 4.598600913164056 0.9125452698165306 0.0 -0.9999998442672531 0.0006231206640440058 0.0
2000.0 6563.4748535525305 0.2764557774689978 0.3692568409121433 -0.2539681467656701 -1.593523346811948e-06 4.603071916662342 0.9120909233999617 -5.991446544169259e-05 -1.0000000763600063 0.0001357252550123725 -2.8803060237807203e-27
