1.100000000000000000e+01
4.000000000000000000e+00
4.000000000000000000e+00
4.000000000000000000e+00
0.000000000000000000e+00
4.000000000000000222e-01
5.999999999999999778e-01
6.999999999999999556e-01
8.000000000000000444e-01
8.249999999999999556e-01
8.499999999999999778e-01
8.750000000000000000e-01
9.000000000000000222e-01
9.250000000000000444e-01
9.499999999999999556e-01
-2.000000000000000000e+01
-3.333333333333332149e+00
1.333333333333333570e+01
3.000000000000000000e+01
-5.000000000000000000e+01
1.996666666666666788e+04
3.998333333333333576e+04
6.000000000000000000e+04
-3.000000000000000000e+01
-1.000000000000000000e+01
1.000000000000000000e+01
3.000000000000000000e+01
